0.99900000 0.00003846 0.00003846 0.00003846 0.00003846 0.00003846 0.00003846 0.00003846 0.00003846 0.00003846 0.00003846 0.00003846 0.00003846 0.00003846 0.00003846 0.00003846 0.00003846 0.00003846 0.00003846 0.00003846 0.00003846 0.00003846 0.00003846 0.00003846 0.00003846 0.00003846 0.00003846 
0.00003846 0.99900000 0.00003846 0.00003846 0.00003846 0.00003846 0.00003846 0.00003846 0.00003846 0.00003846 0.00003846 0.00003846 0.00003846 0.00003846 0.00003846 0.00003846 0.00003846 0.00003846 0.00003846 0.00003846 0.00003846 0.00003846 0.00003846 0.00003846 0.00003846 0.00003846 0.00003846 
0.00003846 0.00003846 0.99900000 0.00003846 0.00003846 0.00003846 0.00003846 0.00003846 0.00003846 0.00003846 0.00003846 0.00003846 0.00003846 0.00003846 0.00003846 0.00003846 0.00003846 0.00003846 0.00003846 0.00003846 0.00003846 0.00003846 0.00003846 0.00003846 0.00003846 0.00003846 0.00003846 
0.00003846 0.00003846 0.00003846 0.99900000 0.00003846 0.00003846 0.00003846 0.00003846 0.00003846 0.00003846 0.00003846 0.00003846 0.00003846 0.00003846 0.00003846 0.00003846 0.00003846 0.00003846 0.00003846 0.00003846 0.00003846 0.00003846 0.00003846 0.00003846 0.00003846 0.00003846 0.00003846 
0.00003846 0.00003846 0.00003846 0.00003846 0.99900000 0.00003846 0.00003846 0.00003846 0.00003846 0.00003846 0.00003846 0.00003846 0.00003846 0.00003846 0.00003846 0.00003846 0.00003846 0.00003846 0.00003846 0.00003846 0.00003846 0.00003846 0.00003846 0.00003846 0.00003846 0.00003846 0.00003846 
0.00003846 0.00003846 0.00003846 0.00003846 0.00003846 0.99900000 0.00003846 0.00003846 0.00003846 0.00003846 0.00003846 0.00003846 0.00003846 0.00003846 0.00003846 0.00003846 0.00003846 0.00003846 0.00003846 0.00003846 0.00003846 0.00003846 0.00003846 0.00003846 0.00003846 0.00003846 0.00003846 
0.00003846 0.00003846 0.00003846 0.00003846 0.00003846 0.00003846 0.99900000 0.00003846 0.00003846 0.00003846 0.00003846 0.00003846 0.00003846 0.00003846 0.00003846 0.00003846 0.00003846 0.00003846 0.00003846 0.00003846 0.00003846 0.00003846 0.00003846 0.00003846 0.00003846 0.00003846 0.00003846 
0.00003846 0.00003846 0.00003846 0.00003846 0.00003846 0.00003846 0.00003846 0.99900000 0.00003846 0.00003846 0.00003846 0.00003846 0.00003846 0.00003846 0.00003846 0.00003846 0.00003846 0.00003846 0.00003846 0.00003846 0.00003846 0.00003846 0.00003846 0.00003846 0.00003846 0.00003846 0.00003846 
0.00003846 0.00003846 0.00003846 0.00003846 0.00003846 0.00003846 0.00003846 0.00003846 0.99900000 0.00003846 0.00003846 0.00003846 0.00003846 0.00003846 0.00003846 0.00003846 0.00003846 0.00003846 0.00003846 0.00003846 0.00003846 0.00003846 0.00003846 0.00003846 0.00003846 0.00003846 0.00003846 
0.00003846 0.00003846 0.00003846 0.00003846 0.00003846 0.00003846 0.00003846 0.00003846 0.00003846 0.99900000 0.00003846 0.00003846 0.00003846 0.00003846 0.00003846 0.00003846 0.00003846 0.00003846 0.00003846 0.00003846 0.00003846 0.00003846 0.00003846 0.00003846 0.00003846 0.00003846 0.00003846 
0.00003846 0.00003846 0.00003846 0.00003846 0.00003846 0.00003846 0.00003846 0.00003846 0.00003846 0.00003846 0.99900000 0.00003846 0.00003846 0.00003846 0.00003846 0.00003846 0.00003846 0.00003846 0.00003846 0.00003846 0.00003846 0.00003846 0.00003846 0.00003846 0.00003846 0.00003846 0.00003846 
0.00003846 0.00003846 0.00003846 0.00003846 0.00003846 0.00003846 0.00003846 0.00003846 0.00003846 0.00003846 0.00003846 0.99900000 0.00003846 0.00003846 0.00003846 0.00003846 0.00003846 0.00003846 0.00003846 0.00003846 0.00003846 0.00003846 0.00003846 0.00003846 0.00003846 0.00003846 0.00003846 
0.00003846 0.00003846 0.00003846 0.00003846 0.00003846 0.00003846 0.00003846 0.00003846 0.00003846 0.00003846 0.00003846 0.00003846 0.99900000 0.00003846 0.00003846 0.00003846 0.00003846 0.00003846 0.00003846 0.00003846 0.00003846 0.00003846 0.00003846 0.00003846 0.00003846 0.00003846 0.00003846 
0.00003846 0.00003846 0.00003846 0.00003846 0.00003846 0.00003846 0.00003846 0.00003846 0.00003846 0.00003846 0.00003846 0.00003846 0.00003846 0.99900000 0.00003846 0.00003846 0.00003846 0.00003846 0.00003846 0.00003846 0.00003846 0.00003846 0.00003846 0.00003846 0.00003846 0.00003846 0.00003846 
0.00003846 0.00003846 0.00003846 0.00003846 0.00003846 0.00003846 0.00003846 0.00003846 0.00003846 0.00003846 0.00003846 0.00003846 0.00003846 0.00003846 0.99900000 0.00003846 0.00003846 0.00003846 0.00003846 0.00003846 0.00003846 0.00003846 0.00003846 0.00003846 0.00003846 0.00003846 0.00003846 
0.00003846 0.00003846 0.00003846 0.00003846 0.00003846 0.00003846 0.00003846 0.00003846 0.00003846 0.00003846 0.00003846 0.00003846 0.00003846 0.00003846 0.00003846 0.99900000 0.00003846 0.00003846 0.00003846 0.00003846 0.00003846 0.00003846 0.00003846 0.00003846 0.00003846 0.00003846 0.00003846 
0.00003846 0.00003846 0.00003846 0.00003846 0.00003846 0.00003846 0.00003846 0.00003846 0.00003846 0.00003846 0.00003846 0.00003846 0.00003846 0.00003846 0.00003846 0.00003846 0.99900000 0.00003846 0.00003846 0.00003846 0.00003846 0.00003846 0.00003846 0.00003846 0.00003846 0.00003846 0.00003846 
0.00003846 0.00003846 0.00003846 0.00003846 0.00003846 0.00003846 0.00003846 0.00003846 0.00003846 0.00003846 0.00003846 0.00003846 0.00003846 0.00003846 0.00003846 0.00003846 0.00003846 0.99900000 0.00003846 0.00003846 0.00003846 0.00003846 0.00003846 0.00003846 0.00003846 0.00003846 0.00003846 
0.00003846 0.00003846 0.00003846 0.00003846 0.00003846 0.00003846 0.00003846 0.00003846 0.00003846 0.00003846 0.00003846 0.00003846 0.00003846 0.00003846 0.00003846 0.00003846 0.00003846 0.00003846 0.99900000 0.00003846 0.00003846 0.00003846 0.00003846 0.00003846 0.00003846 0.00003846 0.00003846 
0.00003846 0.00003846 0.00003846 0.00003846 0.00003846 0.00003846 0.00003846 0.00003846 0.00003846 0.00003846 0.00003846 0.00003846 0.00003846 0.00003846 0.00003846 0.00003846 0.00003846 0.00003846 0.00003846 0.99900000 0.00003846 0.00003846 0.00003846 0.00003846 0.00003846 0.00003846 0.00003846 
0.00003846 0.00003846 0.00003846 0.00003846 0.00003846 0.00003846 0.00003846 0.00003846 0.00003846 0.00003846 0.00003846 0.00003846 0.00003846 0.00003846 0.00003846 0.00003846 0.00003846 0.00003846 0.00003846 0.00003846 0.99900000 0.00003846 0.00003846 0.00003846 0.00003846 0.00003846 0.00003846 
0.00003846 0.00003846 0.00003846 0.00003846 0.00003846 0.00003846 0.00003846 0.00003846 0.00003846 0.00003846 0.00003846 0.00003846 0.00003846 0.00003846 0.00003846 0.00003846 0.00003846 0.00003846 0.00003846 0.00003846 0.00003846 0.99900000 0.00003846 0.00003846 0.00003846 0.00003846 0.00003846 
0.00003846 0.00003846 0.00003846 0.00003846 0.00003846 0.00003846 0.00003846 0.00003846 0.00003846 0.00003846 0.00003846 0.00003846 0.00003846 0.00003846 0.00003846 0.00003846 0.00003846 0.00003846 0.00003846 0.00003846 0.00003846 0.00003846 0.99900000 0.00003846 0.00003846 0.00003846 0.00003846 
0.00003846 0.00003846 0.00003846 0.00003846 0.00003846 0.00003846 0.00003846 0.00003846 0.00003846 0.00003846 0.00003846 0.00003846 0.00003846 0.00003846 0.00003846 0.00003846 0.00003846 0.00003846 0.00003846 0.00003846 0.00003846 0.00003846 0.00003846 0.99900000 0.00003846 0.00003846 0.00003846 
0.00003846 0.00003846 0.00003846 0.00003846 0.00003846 0.00003846 0.00003846 0.00003846 0.00003846 0.00003846 0.00003846 0.00003846 0.00003846 0.00003846 0.00003846 0.00003846 0.00003846 0.00003846 0.00003846 0.00003846 0.00003846 0.00003846 0.00003846 0.00003846 0.99900000 0.00003846 0.00003846 
0.00003846 0.00003846 0.00003846 0.00003846 0.00003846 0.00003846 0.00003846 0.00003846 0.00003846 0.00003846 0.00003846 0.00003846 0.00003846 0.00003846 0.00003846 0.00003846 0.00003846 0.00003846 0.00003846 0.00003846 0.00003846 0.00003846 0.00003846 0.00003846 0.00003846 0.99900000 0.00003846 
0.00003846 0.00003846 0.00003846 0.00003846 0.00003846 0.00003846 0.00003846 0.00003846 0.00003846 0.00003846 0.00003846 0.00003846 0.00003846 0.00003846 0.00003846 0.00003846 0.00003846 0.00003846 0.00003846 0.00003846 0.00003846 0.00003846 0.00003846 0.00003846 0.00003846 0.00003846 0.99900000 
